<?xml version="1.0"?>
<opencv_storage>
<calibration_Time>"Sun Jun 15 19:52:48 2014"</calibration_Time>
<nrOfFrames>25</nrOfFrames>
<image_Width>640</image_Width>
<image_Height>480</image_Height>
<board_Width>9</board_Width>
<board_Height>6</board_Height>
<square_Size>50.</square_Size>
<FixAspectRatio>1.</FixAspectRatio>
<!-- flags:  +fix_aspectRatio +fix_principal_point +zero_tangent_dist -->
<flagValue>14</flagValue>
<Camera_Matrix type_id="opencv-matrix">
  <rows>3</rows>
  <cols>3</cols>
  <dt>d</dt>
  <data>
    5.5386480677985310e+02 0. 3.1950000000000000e+02 0.
    5.5386480677985310e+02 2.3950000000000000e+02 0. 0. 1.</data></Camera_Matrix>
<Distortion_Coefficients type_id="opencv-matrix">
  <rows>5</rows>
  <cols>1</cols>
  <dt>d</dt>
  <data>
    -1.6032202040733662e-01 5.6204600915421221e-01 0. 0.
    -5.9719089812487980e-01</data></Distortion_Coefficients>
<Avg_Reprojection_Error>2.2417999302111061e-01</Avg_Reprojection_Error>
<Per_View_Reprojection_Errors type_id="opencv-matrix">
  <rows>25</rows>
  <cols>1</cols>
  <dt>f</dt>
  <data>
    1.34707406e-01 1.52691424e-01 1.55453935e-01 1.77627534e-01
    1.66894913e-01 2.42178008e-01 2.52404839e-01 2.31123030e-01
    1.59703925e-01 3.51190686e-01 3.51336032e-01 2.46491030e-01
    2.29063496e-01 1.75063610e-01 1.93633378e-01 1.47643968e-01
    2.07892627e-01 1.66574523e-01 1.63409829e-01 2.84457862e-01
    2.02663466e-01 1.82972133e-01 1.60071954e-01 4.16175902e-01
    1.67931899e-01</data></Per_View_Reprojection_Errors>
<!-- a set of 6-tuples (rotation vector + translation vector) for each view -->
<Extrinsic_Parameters type_id="opencv-matrix">
  <rows>25</rows>
  <cols>6</cols>
  <dt>d</dt>
  <data>
    -2.1087289149938102e-01 -8.9163466795868826e-02
    -1.0686686321207857e-01 -5.5572322020586455e+02
    -8.0240609131782037e+00 1.1544519536774571e+03
    -2.0401303081759781e-01 -9.1432429574888785e-02
    -1.2581880855951297e-01 -5.8845309105396416e+02
    -8.2073689171999433e+00 1.1515301266022259e+03
    -2.1661995607577289e-01 -9.5248431429045377e-02
    -1.4719355318483790e-01 -6.2864320731057273e+02
    -7.9933165934503739e-02 1.1630290647480899e+03
    -2.1894078275736689e-01 -1.0009351769611100e-01
    -1.6877711856421967e-01 -6.5325085480973792e+02
    -2.6239456768403131e+00 1.1688201636654542e+03
    -2.1269915962533370e-01 -1.1575687755032200e-01
    -1.4758078913068862e-01 -6.3826959840444579e+02
    -1.2843265656428203e+01 1.1677871900340599e+03
    -1.9699365561608601e-01 -1.8208804511448645e-01
    -7.0093199766262188e-02 -5.2475292952603888e+02
    1.2098501044287001e+02 1.0562431782100700e+03
    -1.9992656858108895e-01 -1.7929801986784127e-01
    -1.0114852843272109e-02 -4.3378980327063499e+02
    5.9815853360230392e+01 1.0495225565838707e+03
    -1.2054778262079116e-01 -1.5527947677641984e-01
    1.5689645751104826e-02 -3.2655358584493456e+02
    -5.3198492369355471e+01 9.6359758588530133e+02
    -1.2173714044391221e-01 -1.6768017314072689e-01
    -3.0640088999438089e-04 -2.5419816158529392e+02
    -7.6256340559675138e+01 8.6388665319013182e+02
    -1.5576583699258933e-01 -1.6066978510447646e-01
    1.2186739916759001e-02 -1.8128844567387969e+02
    -8.5497591797367647e+01 8.0815906168342042e+02
    -1.5012303156284348e-01 -1.3853904717521023e-01
    1.0062845658311940e-01 -7.1128757480060870e+01
    -4.8078854721352037e+01 8.0979338016255849e+02
    -1.5937830254402222e-01 -1.0386650500321228e-01
    1.9126638089099388e-01 4.9894782868933678e+00
    -5.3221374188513401e+01 8.2569897701077468e+02
    -1.6857759977390030e-01 -7.5058989799012307e-02
    3.0091704258156243e-01 6.8787196003054575e+01
    -3.6511619622547322e+01 8.4229593452913912e+02
    -1.2034519416689606e-01 -7.5803477281514667e-02
    2.0097671485720134e-01 8.3436369577757915e+01
    -1.2594638695579417e+02 8.2696519129836850e+02
    -9.8232665586645049e-02 -7.7512428224688443e-02
    1.6363059776037769e-01 8.6596433667923890e+01
    -1.4984791279598133e+02 8.2600060790165287e+02
    1.7100339539861224e-03 -4.2722077863858281e-02
    3.5903439342309676e-02 9.3384002428668698e+00
    -2.7221441947173224e+02 7.7487651414845323e+02
    -6.3606128754797611e-02 -1.2931139603449432e-01
    -5.6149602121814718e-02 -1.9422786665343870e+02
    -3.1577934829490840e+02 8.5861953376681788e+02
    -1.2535169075922553e-01 -1.0742812358519126e-01
    -5.4114429530023239e-02 -2.7298858175776559e+02
    -2.9694130393142279e+02 1.1178049801410721e+03
    -1.6508347956981864e-01 -1.5226632138692431e-01
    2.0645499857713844e-03 -2.6113322295803482e+02
    -3.4318651066687738e+02 1.0464849333117627e+03
    -1.8589575778244091e-01 -1.6840522457117871e-01
    -7.4557300357687747e-02 -4.0375650314182428e+02
    -3.8218521334322566e+02 1.0400596043701187e+03
    -1.6574136646664589e-01 -2.2013739552007641e-01
    -9.9059081907039090e-02 -4.5291447409095446e+02
    -4.2174486365310531e+02 1.0066724868344011e+03
    -1.9228262137971278e-01 -2.0927303098286948e-01
    8.1715281783804092e-02 -2.8297412341267710e+02
    -2.9329457167634706e+02 1.0517933124974093e+03
    -9.0529742084096490e-02 -2.0210041028590711e-01
    2.5723501076546224e-01 -1.0368518067195465e+02
    -3.9395094006445868e+02 9.2840515692560598e+02
    -1.3837876665689214e-01 -2.1411395301740724e-01
    2.8223074353283306e-01 -8.4014661430214147e+01
    -2.5670079209098441e+02 9.5427457724209114e+02
    -1.8513866484611047e-01 -1.7974970296252651e-01
    3.3602266395727931e-01 -7.0839308404271520e+01
    -1.5981746128739522e+02 9.7096380735251239e+02</data></Extrinsic_Parameters>
