<?xml version="1.0"?>
<opencv_storage>
<calibration_Time>"Sun Jun 15 19:51:09 2014"</calibration_Time>
<nrOfFrames>25</nrOfFrames>
<image_Width>640</image_Width>
<image_Height>480</image_Height>
<board_Width>9</board_Width>
<board_Height>6</board_Height>
<square_Size>50.</square_Size>
<FixAspectRatio>1.</FixAspectRatio>
<!-- flags:  +fix_aspectRatio +fix_principal_point +zero_tangent_dist -->
<flagValue>14</flagValue>
<Camera_Matrix type_id="opencv-matrix">
  <rows>3</rows>
  <cols>3</cols>
  <dt>d</dt>
  <data>
    5.2672810183500508e+02 0. 3.1950000000000000e+02 0.
    5.2672810183500508e+02 2.3950000000000000e+02 0. 0. 1.</data></Camera_Matrix>
<Distortion_Coefficients type_id="opencv-matrix">
  <rows>5</rows>
  <cols>1</cols>
  <dt>d</dt>
  <data>
    -1.4097254021651681e-01 2.6562532661950750e-01 0. 0.
    -1.9359979839920524e-01</data></Distortion_Coefficients>
<Avg_Reprojection_Error>2.4967692882768711e-01</Avg_Reprojection_Error>
<Per_View_Reprojection_Errors type_id="opencv-matrix">
  <rows>25</rows>
  <cols>1</cols>
  <dt>f</dt>
  <data>
    1.37038305e-01 1.48738667e-01 1.58159450e-01 3.04546803e-01
    1.92524090e-01 2.00360805e-01 5.63611865e-01 1.75968394e-01
    2.14392364e-01 1.89753577e-01 1.69597000e-01 1.53486073e-01
    1.60609826e-01 1.50081038e-01 1.87082440e-01 1.69177189e-01
    1.68916523e-01 1.53339401e-01 1.95703626e-01 2.80380279e-01
    6.60582781e-01 1.39894053e-01 1.83563724e-01 2.09181979e-01
    1.59315675e-01</data></Per_View_Reprojection_Errors>
<!-- a set of 6-tuples (rotation vector + translation vector) for each view -->
<Extrinsic_Parameters type_id="opencv-matrix">
  <rows>25</rows>
  <cols>6</cols>
  <dt>d</dt>
  <data>
    -1.2923901239289884e-01 -3.1391273412613212e-02
    5.0995785966811973e-02 -3.9167268727546247e+02
    -1.3007937712328288e+02 1.0017814585430326e+03
    -1.3460375425831478e-01 -2.2780293974390325e-02
    7.0422698645137435e-02 -3.7385187811864841e+02
    -1.1482803066473988e+02 1.0100085215909927e+03
    -1.2601854255115769e-01 -1.0189957463284048e-02
    9.0453352066828543e-02 -3.4087069887578951e+02
    -9.6894085375771581e+01 9.8887678710751811e+02
    -1.2708600002974124e-01 1.9198313232338215e-03
    1.6754406596957611e-01 -1.6299574652697891e+02
    -7.7449700731911790e+01 8.9237128640547337e+02
    -1.7041051034997015e-01 5.8538845979179542e-02
    3.5850149273582899e-01 2.9724415323074801e+01
    -1.1008808263720232e+02 9.3443972989407121e+02
    -1.8327369382324074e-01 -6.7640499673185493e-03
    5.4195354979153365e-01 3.3950105930507775e+01
    -9.3539468419311021e+01 9.1927236449887459e+02
    -1.5462770630431658e-01 9.5504057991402797e-03
    2.4239394147760995e-01 -1.0655115412788516e+02
    -1.8897047806482024e+02 9.0847783709922214e+02
    -2.6989327695254040e-01 -3.6956569458662804e-02
    -9.2103614996996361e-03 -3.6763576609768290e+02
    1.6082370954801792e+02 9.7751289260360772e+02
    -2.6303149595005465e-01 -8.4133804863672206e-03
    2.7416224883673457e-02 -2.8898172667283438e+02
    9.3903746425693726e+01 9.7142349495107635e+02
    -2.6515383961551925e-01 -1.0505425440517665e-02
    1.2268216222049710e-02 -3.0429658063041006e+02
    9.8457338993420052e+01 9.7486638284329456e+02
    -1.9164237307473142e-01 -3.3430362593603130e-02
    -4.6084937801018439e-02 -4.2493140567604416e+02
    -1.0002850387615800e+02 9.3667752184703909e+02
    -1.9294040737451931e-01 -6.1093405467711574e-02
    -7.3022061107244726e-02 -5.1222465888199258e+02
    -1.6625960390829101e+02 9.3950507718626318e+02
    -1.8006765446351281e-01 -6.6040499051045740e-02
    -7.2535961757550782e-02 -5.4320404173140935e+02
    -1.8672726745556506e+02 9.3275568997723349e+02
    -1.2799284991015425e-01 -5.5784099415323949e-03
    -5.7521119832321605e-03 -3.4983521539667788e+02
    -2.8690734861845294e+02 8.6361364620253562e+02
    -1.2608067811994098e-01 -5.4983276070403292e-02
    9.9089611165021352e-03 -3.9226145833174508e+02
    -3.4228438174216092e+02 8.2447120681399610e+02
    -2.5026743048047428e-01 -6.0456942093904321e-02
    5.7332927473852560e-02 -3.1060666668872597e+02
    -2.4942163794218175e+02 8.4160812257187808e+02
    -1.6283434545440348e-01 7.2962945761201825e-02
    1.1074646270164515e-01 -5.8740462442342739e+01
    -2.7240241939187808e+02 7.5818087397904640e+02
    -1.4044020354266698e-01 4.8800193531178766e-02
    1.0129733093539386e-01 -7.7726133344353727e+01
    -2.1385523778608794e+02 7.2957825787596494e+02
    -1.0962809876848406e-01 3.4612777029042849e-02
    1.9245903166715514e-01 -1.8846269977902647e+01
    -1.8628396843729871e+02 6.9794063677304462e+02
    -1.2402214990423938e-01 1.8446883944115273e-02
    2.2734853211436290e-01 4.3239149580024501e+00
    -1.0208788313625085e+02 6.8133585177351426e+02
    -7.4508802967497970e-02 -5.0549560325266717e-03
    3.0554137490220790e-01 -2.7500835815405335e+01
    -1.7735658498020442e+02 7.1946624715827295e+02
    -1.5176067631633031e-01 -1.6772382078363088e-01
    1.0892555496244893e+00 8.0691775368314566e+01
    -3.7501465079312516e+02 9.2170580407094428e+02
    -2.1450394034163520e-01 -1.3457921676829523e-01
    1.0441980698426396e+00 1.6074174279417431e+01
    -3.4794226208281134e+02 1.1101102345126812e+03
    -2.4797579890707044e-01 -5.4150084762786536e-02
    9.9940809766990168e-01 1.3782070527649847e+02
    -2.6080138605880455e+02 1.0747239063474997e+03
    -1.9410656642915863e-01 -6.7494095860532163e-02
    8.9613687757392213e-01 2.2998177396183914e+02
    -4.3248443217830231e+02 1.0360043102039112e+03</data></Extrinsic_Parameters>
