<?xml version="1.0"?>
<opencv_storage>
<calibration_Time>"Wed Jun 18 17:02:13 2014"</calibration_Time>
<Input1>"0"</Input1>
<Input2>"1"</Input2>
<image_Width>640</image_Width>
<image_Height>480</image_Height>
<board_Width>9</board_Width>
<board_Height>6</board_Height>
<square_Size>50.</square_Size>
<fps>60</fps>
<FixAspectRatio>1.</FixAspectRatio>
<!-- flags:  +fix_aspectRatio +fix_principal_point +zero_tangent_dist -->
<flagValue>14</flagValue>
<Camera_Matrix_1 type_id="opencv-matrix">
  <rows>3</rows>
  <cols>3</cols>
  <dt>d</dt>
  <data>
    4.5299053502014937e+02 0. 3.1950000000000000e+02 0.
    4.5299053502014937e+02 2.3950000000000000e+02 0. 0. 1.</data></Camera_Matrix_1>
<Distortion_Coefficients_1 type_id="opencv-matrix">
  <rows>5</rows>
  <cols>1</cols>
  <dt>d</dt>
  <data>
    -7.3015568097406364e-02 3.3602469162548237e-01 0. 0.
    -6.4535739255406543e-01</data></Distortion_Coefficients_1>
<Camera_Matrix_2 type_id="opencv-matrix">
  <rows>3</rows>
  <cols>3</cols>
  <dt>d</dt>
  <data>
    4.7353609250320721e+02 0. 3.1950000000000000e+02 0.
    4.7353609250320721e+02 2.3950000000000000e+02 0. 0. 1.</data></Camera_Matrix_2>
<Distortion_Coefficients_2 type_id="opencv-matrix">
  <rows>5</rows>
  <cols>1</cols>
  <dt>d</dt>
  <data>
    -1.8437227412923769e-02 -1.9839245543659778e-01 0. 0.
    4.4957506950201476e-01</data></Distortion_Coefficients_2>
<R type_id="opencv-matrix">
  <rows>3</rows>
  <cols>3</cols>
  <dt>d</dt>
  <data>
    9.9982583264696201e-01 1.2646989006213165e-02 1.3724359398013392e-02
    -1.2732755279125227e-02 9.9989983777213487e-01
    6.1799163635381802e-03 -1.3644827401291078e-02
    -6.3535889334408206e-03 9.9988671888012082e-01</data></R>
<T type_id="opencv-matrix">
  <rows>3</rows>
  <cols>1</cols>
  <dt>d</dt>
  <data>
    -1.6035827764446279e+02 6.8886620146557096e+00
    4.2319553657894559e+01</data></T>
<E type_id="opencv-matrix">
  <rows>3</rows>
  <cols>3</cols>
  <dt>d</dt>
  <data>
    4.4484991603197305e-01 -4.2359082563860454e+01
    6.6263503571601658e+00 4.0124121952425206e+01
    -4.8363564836824868e-01 1.6092092084315379e+02
    -4.8456595283976807e+00 -1.6042933663488415e+02
    -1.0855432173043922e+00</data></E>
<F type_id="opencv-matrix">
  <rows>3</rows>
  <cols>3</cols>
  <dt>d</dt>
  <data>
    3.5884794786743919e-06 -3.4169883602936849e-04
    1.0490401408031784e-01 3.2367003575146865e-04
    -3.9013531008514478e-06 4.8555058924237826e-01
    -9.7175344325090479e-02 -5.0271411416264000e-01 1.</data></F>
</opencv_storage>
