<?xml version="1.0"?>
<opencv_storage>
<calibration_Time>"Wed Jun 18 00:44:56 2014"</calibration_Time>
<image_Width>640</image_Width>
<image_Height>480</image_Height>
<board_Width>9</board_Width>
<board_Height>6</board_Height>
<square_Size>50.</square_Size>
<FixAspectRatio>1.</FixAspectRatio>
<!-- flags:  +fix_aspectRatio +fix_principal_point +zero_tangent_dist -->
<flagValue>14</flagValue>
<Camera_Matrix_1 type_id="opencv-matrix">
  <rows>3</rows>
  <cols>3</cols>
  <dt>d</dt>
  <data>
    5.5132838124401133e+02 0. 3.1950000000000000e+02 0.
    5.5132838124401133e+02 2.3950000000000000e+02 0. 0. 1.</data></Camera_Matrix_1>
<Distortion_Coefficients_1 type_id="opencv-matrix">
  <rows>5</rows>
  <cols>1</cols>
  <dt>d</dt>
  <data>
    -1.6859065347334881e-01 1.2303561174133504e+00 0. 0.
    -2.2173130208697969e+00</data></Distortion_Coefficients_1>
<Camera_Matrix_2 type_id="opencv-matrix">
  <rows>3</rows>
  <cols>3</cols>
  <dt>d</dt>
  <data>
    5.4051248535444540e+02 0. 3.1950000000000000e+02 0.
    5.4051248535444540e+02 2.3950000000000000e+02 0. 0. 1.</data></Camera_Matrix_2>
<Distortion_Coefficients_2 type_id="opencv-matrix">
  <rows>5</rows>
  <cols>1</cols>
  <dt>d</dt>
  <data>
    -2.1036132091667659e-01 1.3974698519595765e+00 0. 0.
    -2.7751062837368892e+00</data></Distortion_Coefficients_2>
<R type_id="opencv-matrix">
  <rows>3</rows>
  <cols>3</cols>
  <dt>d</dt>
  <data>
    9.9984971072580031e-01 5.3087854609545669e-03 1.6503719534179284e-02
    -5.0806489033356000e-03 9.9989138854454218e-01
    -1.3834670982294779e-02 -1.6575372341348121e-02
    1.3748742175081758e-02 9.9976808766850955e-01</data></R>
<T type_id="opencv-matrix">
  <rows>3</rows>
  <cols>1</cols>
  <dt>d</dt>
  <data>
    -1.7599178301171014e+02 -7.3926528264070077e+00
    -3.5924473954347619e+01</data></T>
<E type_id="opencv-matrix">
  <rows>3</rows>
  <cols>3</cols>
  <dt>d</dt>
  <data>
    -5.9983666011048820e-02 3.5818932467244721e+01
    -7.8879416564245535e+00 -3.8836204223667856e+01
    2.2289503245396545e+00 1.7535808090443325e+02 8.2856942493338384e+00
    -1.7593342228016593e+02 2.5567946824150045e+00</data></E>
<F type_id="opencv-matrix">
  <rows>3</rows>
  <cols>3</cols>
  <dt>d</dt>
  <data>
    -2.5902857305929672e-07 1.5467755778362578e-04
    -5.5742217933908107e-02 -1.6770709814973886e-04
    9.6253173635505142e-06 4.6877169591847329e-01 5.9588290432738056e-02
    -4.6237183276970961e-01 1.</data></F>
</opencv_storage>
