<?xml version="1.0"?>
<opencv_storage>
<calibration_Time>"Tue Jun 17 00:34:27 2014"</calibration_Time>
<image_Width>640</image_Width>
<image_Height>480</image_Height>
<board_Width>9</board_Width>
<board_Height>6</board_Height>
<square_Size>50.</square_Size>
<FixAspectRatio>1.</FixAspectRatio>
<!-- flags:  +fix_aspectRatio +fix_principal_point +zero_tangent_dist -->
<flagValue>14</flagValue>
<Camera_Matrix_1 type_id="opencv-matrix">
  <rows>3</rows>
  <cols>3</cols>
  <dt>d</dt>
  <data>
    3.8939231468816615e+02 0. 3.1950000000000000e+02 0.
    3.8939231468816615e+02 2.3950000000000000e+02 0. 0. 1.</data></Camera_Matrix_1>
<Distortion_Coefficients_1 type_id="opencv-matrix">
  <rows>5</rows>
  <cols>1</cols>
  <dt>d</dt>
  <data>
    -3.8815229695819187e-02 6.2383746283992104e-02 0. 0.
    4.6510094681290800e-03</data></Distortion_Coefficients_1>
<Camera_Matrix_2 type_id="opencv-matrix">
  <rows>3</rows>
  <cols>3</cols>
  <dt>d</dt>
  <data>
    4.3967524314319900e+02 0. 3.1950000000000000e+02 0.
    4.3967524314319900e+02 2.3950000000000000e+02 0. 0. 1.</data></Camera_Matrix_2>
<Distortion_Coefficients_2 type_id="opencv-matrix">
  <rows>5</rows>
  <cols>1</cols>
  <dt>d</dt>
  <data>
    -7.7736242737642847e-02 1.1520696666604655e-01 0. 0.
    -2.2032774242637835e-02</data></Distortion_Coefficients_2>
<R type_id="opencv-matrix">
  <rows>3</rows>
  <cols>3</cols>
  <dt>d</dt>
  <data>
    9.9959470180111942e-01 1.7890428582034542e-02 2.2144179738301326e-02
    -1.7686343183752316e-02 9.9979960296905213e-01
    -9.3780151264745062e-03 -2.2307518820290428e-02
    8.9825646714603805e-03 9.9971080225033349e-01</data></R>
<T type_id="opencv-matrix">
  <rows>3</rows>
  <cols>1</cols>
  <dt>d</dt>
  <data>
    -1.6591650948935958e+02 2.0312111211786434e+01
    1.2389684211551371e+02</data></T>
<E type_id="opencv-matrix">
  <rows>3</rows>
  <cols>3</cols>
  <dt>d</dt>
  <data>
    1.7381692659013948e+00 -1.2368955870363617e+02
    2.1468143454414719e+01 1.2014544129052652e+02 3.7069233819583500e+00
    1.6861212074899660e+02 -1.7369422423017724e+01
    -1.6624665268845749e+02 1.1061724941849007e+00</data></E>
<F type_id="opencv-matrix">
  <rows>3</rows>
  <cols>3</cols>
  <dt>d</dt>
  <data>
    9.3508408708198806e-07 -6.6541354947950696e-05
    2.0135077149983388e-02 6.4634723723499510e-05 1.9942160608298548e-06
    1.4192735443995097e-02 -1.9887206622877691e-02
    -1.8540369228462743e-02 1.</data></F>
</opencv_storage>
